\e[38;5;15;48;5;0m‚ĖĄ‚ĖĄ‚ĖĄ‚ĖĄ‚ĖĄ‚ĖĄ‚ĖĄ‚ĖĄ‚ĖĄ‚ĖĄ‚ĖĄ‚ĖĄ‚ĖĄ‚ĖĄ‚ĖĄ‚ĖĄ‚ĖĄ‚ĖĄ‚ĖĄ‚ĖĄ‚ĖĄ‚ĖĄ‚ĖĄ‚ĖĄ‚ĖĄ‚ĖĄ‚ĖĄ‚ĖĄ\e[m
\e[38;5;15;48;5;15m‚ĖĄ\e[38;5;15;48;5;15m‚ĖĄ\e[48;5;15m \e[38;5;15;48;5;15m‚ĖĄ\e[48;5;15m \e[38;5;15;48;5;15m‚ĖĄ‚ĖĄ‚ĖĄ‚ĖĄ‚ĖĄ\e[38;5;248;48;5;15m‚ĖĄ\e[38;5;248;48;5;248m‚ĖĄ\e[38;5;59;48;5;248m‚ĖĄ\e[38;5;243;48;5;246m‚ĖĄ\e[38;5;240;48;5;8m‚ĖĄ\e[38;5;239;48;5;240m‚ĖĄ\e[38;5;236;48;5;237m‚ĖĄ\e[38;5;236;48;5;15m‚ĖĄ\e[38;5;15;48;5;15m‚ĖĄ‚ĖĄ‚ĖĄ‚ĖĄ‚ĖĄ‚ĖĄ‚ĖĄ‚ĖĄ‚ĖĄ\e[48;5;15m \e[m
\e[38;5;15;48;5;15m‚ĖĄ‚ĖĄ‚ĖĄ\e[48;5;15m \e[38;5;15;48;5;15m‚ĖĄ‚ĖĄ‚ĖĄ‚ĖĄ‚ĖĄ\e[38;5;237;48;5;15m‚ĖĄ\e[38;5;249;48;5;102m‚ĖĄ\e[38;5;251;48;5;8m‚ĖĄ\e[38;5;7;48;5;242m‚ĖĄ\e[38;5;248;48;5;243m‚ĖĄ\e[38;5;245;48;5;240m‚ĖĄ\e[38;5;242;48;5;240m‚ĖĄ\e[38;5;239;48;5;240m‚ĖĄ\e[38;5;240;48;5;236m‚ĖĄ\e[38;5;236;48;5;15m‚ĖĄ\e[38;5;15;48;5;15m‚ĖĄ‚ĖĄ‚ĖĄ\e[48;5;15m  \e[38;5;15;48;5;15m‚ĖĄ‚ĖĄ‚ĖĄ‚ĖĄ\e[m
\e[48;5;15m  \e[38;5;15;48;5;15m‚ĖĄ\e[48;5;15m \e[38;5;15;48;5;15m‚ĖĄ‚ĖĄ‚ĖĄ‚ĖĄ\e[38;5;8;48;5;15m‚ĖĄ\e[38;5;238;48;5;243m‚ĖĄ\e[38;5;0;48;5;235m‚ĖĄ\e[38;5;131;48;5;237m‚ĖĄ\e[38;5;12;48;5;94m‚ĖĄ\e[38;5;216;48;5;95m‚ĖĄ\e[38;5;137;48;5;95m‚ĖĄ\e[38;5;12;48;5;94m‚ĖĄ\e[38;5;131;48;5;237m‚ĖĄ\e[38;5;0;48;5;234m‚ĖĄ\e[38;5;234;48;5;234m‚ĖĄ\e[38;5;235;48;5;255m‚ĖĄ\e[38;5;15;48;5;15m‚ĖĄ‚ĖĄ\e[48;5;15m \e[38;5;15;48;5;15m‚ĖĄ‚ĖĄ‚ĖĄ‚ĖĄ‚ĖĄ\e[m
\e[48;5;15m  \e[38;5;15;48;5;15m‚ĖĄ‚ĖĄ‚ĖĄ‚ĖĄ‚ĖĄ‚ĖĄ\e[38;5;15;48;5;0m‚ĖĄ\e[38;5;234;48;5;234m‚ĖĄ\e[38;5;237;48;5;94m‚ĖĄ\e[38;5;173;48;5;173m‚ĖĄ\e[38;5;216;48;5;216m‚ĖĄ\e[38;5;173;48;5;137m‚ĖĄ\e[38;5;173;48;5;131m‚ĖĄ\e[38;5;216;48;5;217m‚ĖĄ\e[38;5;173;48;5;173m‚ĖĄ\e[38;5;237;48;5;94m‚ĖĄ\e[38;5;235;48;5;234m‚ĖĄ\e[38;5;15;48;5;234m‚ĖĄ\e[38;5;15;48;5;15m‚ĖĄ‚ĖĄ‚ĖĄ‚ĖĄ‚ĖĄ\e[48;5;15m  \e[38;5;15;48;5;15m‚ĖĄ\e[m
\e[38;5;15;48;5;15m‚ĖĄ‚ĖĄ‚ĖĄ‚ĖĄ‚ĖĄ‚ĖĄ‚ĖĄ‚ĖĄ‚ĖĄ‚ĖĄ\e[38;5;137;48;5;237m‚ĖĄ\e[38;5;237;48;5;95m‚ĖĄ\e[38;5;173;48;5;131m‚ĖĄ\e[38;5;216;48;5;237m‚ĖĄ‚ĖĄ\e[38;5;173;48;5;131m‚ĖĄ\e[38;5;237;48;5;95m‚ĖĄ\e[38;5;131;48;5;237m‚ĖĄ\e[38;5;15;48;5;15m‚ĖĄ‚ĖĄ‚ĖĄ‚ĖĄ‚ĖĄ‚ĖĄ‚ĖĄ‚ĖĄ\e[48;5;15m  \e[m
\e[38;5;15;48;5;15m‚ĖĄ‚ĖĄ‚ĖĄ‚ĖĄ‚ĖĄ‚ĖĄ\e[38;5;137;48;5;15m‚ĖĄ\e[38;5;215;48;5;15m‚ĖĄ\e[38;5;241;48;5;15m‚ĖĄ\e[38;5;94;48;5;95m‚ĖĄ\e[38;5;209;48;5;216m‚ĖĄ\e[38;5;173;48;5;131m‚ĖĄ\e[38;5;137;48;5;236m‚ĖĄ\e[38;5;131;48;5;236m‚ĖĄ\e[38;5;58;48;5;236m‚ĖĄ\e[38;5;131;48;5;236m‚ĖĄ\e[38;5;173;48;5;131m‚ĖĄ\e[38;5;215;48;5;216m‚ĖĄ\e[38;5;94;48;5;94m‚ĖĄ\e[38;5;95;48;5;15m‚ĖĄ‚ĖĄ‚ĖĄ\e[38;5;15;48;5;15m‚ĖĄ‚ĖĄ‚ĖĄ‚ĖĄ‚ĖĄ‚ĖĄ\e[m
\e[48;5;15m  \e[38;5;15;48;5;15m‚ĖĄ‚ĖĄ\e[38;5;137;48;5;15m‚ĖĄ\e[38;5;173;48;5;215m‚ĖĄ\e[38;5;137;48;5;209m‚ĖĄ\e[38;5;209;48;5;216m‚ĖĄ\e[38;5;173;48;5;59m‚ĖĄ\e[38;5;160;48;5;240m‚ĖĄ\e[38;5;1;48;5;137m‚ĖĄ\e[38;5;88;48;5;131m‚ĖĄ\e[38;5;52;48;5;64m‚ĖĄ\e[38;5;124;48;5;166m‚ĖĄ\e[38;5;160;48;5;160m‚ĖĄ\e[38;5;1;48;5;95m‚ĖĄ\e[38;5;160;48;5;64m‚ĖĄ\e[38;5;1;48;5;173m‚ĖĄ\e[38;5;1;48;5;131m‚ĖĄ\e[38;5;64;48;5;173m‚ĖĄ\e[38;5;235;48;5;173m‚ĖĄ\e[38;5;173;48;5;173m‚ĖĄ\e[38;5;173;48;5;131m‚ĖĄ\e[38;5;131;48;5;15m‚ĖĄ\e[38;5;15;48;5;15m‚ĖĄ‚ĖĄ‚ĖĄ\e[48;5;15m \e[m
\e[38;5;15;48;5;15m‚ĖĄ‚ĖĄ‚ĖĄ\e[38;5;216;48;5;15m‚ĖĄ\e[38;5;209;48;5;215m‚ĖĄ\e[38;5;64;48;5;215m‚ĖĄ\e[38;5;238;48;5;131m‚ĖĄ\e[38;5;160;48;5;160m‚ĖĄ\e[38;5;52;48;5;124m‚ĖĄ\e[38;5;124;48;5;160m‚ĖĄ\e[38;5;52;48;5;160m‚ĖĄ\e[38;5;52;48;5;88m‚ĖĄ\e[38;5;124;48;5;236m‚ĖĄ\e[38;5;160;48;5;124m‚ĖĄ‚ĖĄ\e[38;5;160;48;5;233m‚ĖĄ\e[38;5;1;48;5;160m‚ĖĄ\e[38;5;254;48;5;52m‚ĖĄ\e[38;5;88;48;5;124m‚ĖĄ\e[38;5;160;48;5;160m‚ĖĄ\e[38;5;124;48;5;166m‚ĖĄ\e[38;5;1;48;5;173m‚ĖĄ\e[38;5;173;48;5;173m‚ĖĄ‚ĖĄ\e[38;5;173;48;5;15m‚ĖĄ\e[38;5;15;48;5;15m‚ĖĄ‚ĖĄ‚ĖĄ\e[m
\e[48;5;15m  \e[38;5;216;48;5;216m‚ĖĄ\e[38;5;209;48;5;209m‚ĖĄ\e[38;5;173;48;5;173m‚ĖĄ\e[38;5;124;48;5;131m‚ĖĄ\e[38;5;160;48;5;160m‚ĖĄ\e[38;5;1;48;5;1m‚ĖĄ\e[38;5;52;48;5;167m‚ĖĄ\e[38;5;52;48;5;160m‚ĖĄ\e[38;5;124;48;5;124m‚ĖĄ\e[38;5;1;48;5;1m‚ĖĄ‚ĖĄ\e[38;5;88;48;5;124m‚ĖĄ\e[38;5;124;48;5;160m‚ĖĄ\e[38;5;52;48;5;52m‚ĖĄ\e[38;5;1;48;5;160m‚ĖĄ\e[38;5;88;48;5;1m‚ĖĄ\e[38;5;124;48;5;1m‚ĖĄ\e[38;5;233;48;5;124m‚ĖĄ\e[38;5;160;48;5;1m‚ĖĄ\e[38;5;160;48;5;160m‚ĖĄ\e[38;5;1;48;5;52m‚ĖĄ\e[38;5;173;48;5;173m‚ĖĄ‚ĖĄ\e[38;5;137;48;5;173m‚ĖĄ\e[48;5;15m  \e[m
\e[38;5;15;48;5;15m‚ĖĄ\e[38;5;137;48;5;15m‚ĖĄ\e[38;5;173;48;5;173m‚ĖĄ‚ĖĄ\e[38;5;95;48;5;131m‚ĖĄ\e[38;5;236;48;5;52m‚ĖĄ\e[38;5;236;48;5;1m‚ĖĄ\e[38;5;236;48;5;124m‚ĖĄ\e[38;5;88;48;5;88m‚ĖĄ\e[38;5;131;48;5;160m‚ĖĄ\e[38;5;88;48;5;124m‚ĖĄ\e[38;5;160;48;5;88m‚ĖĄ\e[38;5;160;48;5;124m‚ĖĄ\e[38;5;1;48;5;235m‚ĖĄ\e[38;5;124;48;5;233m‚ĖĄ\e[38;5;124;48;5;160m‚ĖĄ‚ĖĄ\e[38;5;52;48;5;1m‚ĖĄ\e[38;5;88;48;5;160m‚ĖĄ\e[38;5;1;48;5;1m‚ĖĄ\e[38;5;124;48;5;52m‚ĖĄ\e[38;5;22;48;5;52m‚ĖĄ\e[38;5;236;48;5;124m‚ĖĄ\e[38;5;95;48;5;131m‚ĖĄ\e[38;5;137;48;5;173m‚ĖĄ\e[38;5;173;48;5;173m‚ĖĄ\e[38;5;131;48;5;173m‚ĖĄ\e[38;5;15;48;5;15m‚ĖĄ\e[m
\e[38;5;15;48;5;15m‚ĖĄ\e[38;5;94;48;5;95m‚ĖĄ\e[38;5;137;48;5;173m‚ĖĄ\e[38;5;173;48;5;173m‚ĖĄ\e[38;5;215;48;5;173m‚ĖĄ‚ĖĄ\e[38;5;215;48;5;64m‚ĖĄ\e[38;5;173;48;5;7m‚ĖĄ\e[38;5;131;48;5;52m‚ĖĄ\e[38;5;64;48;5;52m‚ĖĄ\e[38;5;237;48;5;233m‚ĖĄ\e[38;5;233;48;5;124m‚ĖĄ\e[38;5;233;48;5;88m‚ĖĄ\e[38;5;236;48;5;124m‚ĖĄ\e[38;5;64;48;5;52m‚ĖĄ\e[38;5;233;48;5;52m‚ĖĄ\e[38;5;236;48;5;88m‚ĖĄ\e[38;5;64;48;5;235m‚ĖĄ\e[38;5;233;48;5;124m‚ĖĄ\e[38;5;65;48;5;124m‚ĖĄ\e[38;5;137;48;5;233m‚ĖĄ\e[38;5;173;48;5;64m‚ĖĄ\e[38;5;209;48;5;173m‚ĖĄ\e[38;5;216;48;5;173m‚ĖĄ\e[38;5;173;48;5;173m‚ĖĄ\e[38;5;131;48;5;173m‚ĖĄ\e[38;5;94;48;5;95m‚ĖĄ\e[38;5;15;48;5;15m‚ĖĄ\e[m
\e[38;5;15;48;5;15m‚ĖĄ\e[38;5;15;48;5;101m‚ĖĄ\e[38;5;138;48;5;131m‚ĖĄ\e[38;5;131;48;5;137m‚ĖĄ\e[38;5;131;48;5;216m‚ĖĄ\e[38;5;137;48;5;209m‚ĖĄ\e[38;5;137;48;5;173m‚ĖĄ\e[38;5;173;48;5;173m‚ĖĄ\e[38;5;95;48;5;131m‚ĖĄ\e[38;5;58;48;5;71m‚ĖĄ\e[38;5;173;48;5;236m‚ĖĄ\e[38;5;240;48;5;237m‚ĖĄ\e[38;5;239;48;5;234m‚ĖĄ\e[38;5;58;48;5;233m‚ĖĄ\e[38;5;58;48;5;234m‚ĖĄ\e[38;5;95;48;5;64m‚ĖĄ\e[38;5;241;48;5;234m‚ĖĄ\e[38;5;173;48;5;64m‚ĖĄ\e[38;5;58;48;5;94m‚ĖĄ\e[38;5;95;48;5;237m‚ĖĄ\e[38;5;173;48;5;131m‚ĖĄ\e[38;5;131;48;5;209m‚ĖĄ\e[38;5;131;48;5;173m‚ĖĄ\e[38;5;95;48;5;215m‚ĖĄ\e[38;5;95;48;5;137m‚ĖĄ\e[38;5;144;48;5;131m‚ĖĄ\e[38;5;15;48;5;101m‚ĖĄ\e[48;5;15m \e[m
\e[38;5;15;48;5;15m‚ĖĄ‚ĖĄ\e[48;5;15m \e[38;5;15;48;5;254m‚ĖĄ‚ĖĄ\e[38;5;58;48;5;58m‚ĖĄ\e[38;5;58;48;5;239m‚ĖĄ\e[38;5;131;48;5;131m‚ĖĄ\e[38;5;236;48;5;237m‚ĖĄ\e[38;5;239;48;5;238m‚ĖĄ\e[38;5;173;48;5;173m‚ĖĄ\e[38;5;215;48;5;216m‚ĖĄ\e[38;5;173;48;5;95m‚ĖĄ\e[38;5;131;48;5;236m‚ĖĄ‚ĖĄ\e[38;5;173;48;5;95m‚ĖĄ\e[38;5;216;48;5;215m‚ĖĄ\e[38;5;173;48;5;173m‚ĖĄ\e[38;5;58;48;5;58m‚ĖĄ\e[38;5;237;48;5;237m‚ĖĄ\e[38;5;131;48;5;131m‚ĖĄ\e[38;5;237;48;5;238m‚ĖĄ\e[38;5;238;48;5;58m‚ĖĄ\e[38;5;15;48;5;254m‚ĖĄ\e[38;5;15;48;5;253m‚ĖĄ\e[38;5;15;48;5;15m‚ĖĄ\e[38;5;15;48;5;15m‚ĖĄ\e[38;5;15;48;5;15m‚ĖĄ\e[m
\e[48;5;15m \e[38;5;15;48;5;15m‚ĖĄ‚ĖĄ‚ĖĄ‚ĖĄ‚ĖĄ‚ĖĄ\e[38;5;235;48;5;234m‚ĖĄ\e[38;5;236;48;5;236m‚ĖĄ\e[38;5;237;48;5;234m‚ĖĄ\e[38;5;237;48;5;94m‚ĖĄ\e[38;5;247;48;5;95m‚ĖĄ\e[38;5;234;48;5;131m‚ĖĄ\e[38;5;234;48;5;237m‚ĖĄ\e[38;5;233;48;5;237m‚ĖĄ\e[38;5;236;48;5;131m‚ĖĄ\e[38;5;247;48;5;95m‚ĖĄ\e[38;5;237;48;5;239m‚ĖĄ\e[38;5;237;48;5;234m‚ĖĄ\e[38;5;237;48;5;237m‚ĖĄ\e[38;5;237;48;5;236m‚ĖĄ\e[38;5;235;48;5;234m‚ĖĄ\e[38;5;15;48;5;15m‚ĖĄ‚ĖĄ‚ĖĄ‚ĖĄ‚ĖĄ‚ĖĄ\e[m
\e[48;5;15m \e[38;5;15;48;5;15m‚ĖĄ‚ĖĄ‚ĖĄ‚ĖĄ\e[48;5;15m \e[38;5;15;48;5;15m‚ĖĄ\e[38;5;15;48;5;234m‚ĖĄ\e[38;5;235;48;5;95m‚ĖĄ\e[38;5;237;48;5;131m‚ĖĄ\e[38;5;235;48;5;137m‚ĖĄ\e[38;5;233;48;5;247m‚ĖĄ\e[38;5;234;48;5;234m‚ĖĄ\e[38;5;233;48;5;233m‚ĖĄ\e[38;5;236;48;5;233m‚ĖĄ\e[38;5;70;48;5;236m‚ĖĄ\e[38;5;233;48;5;247m‚ĖĄ\e[38;5;235;48;5;131m‚ĖĄ‚ĖĄ\e[38;5;235;48;5;95m‚ĖĄ\e[38;5;235;48;5;239m‚ĖĄ\e[38;5;234;48;5;235m‚ĖĄ\e[38;5;15;48;5;15m‚ĖĄ‚ĖĄ‚ĖĄ‚ĖĄ‚ĖĄ‚ĖĄ\e[m
\e[38;5;15;48;5;15m‚ĖĄ‚ĖĄ‚ĖĄ‚ĖĄ‚ĖĄ‚ĖĄ‚ĖĄ\e[38;5;137;48;5;15m‚ĖĄ\e[38;5;173;48;5;131m‚ĖĄ\e[38;5;215;48;5;95m‚ĖĄ\e[38;5;209;48;5;131m‚ĖĄ\e[38;5;131;48;5;95m‚ĖĄ\e[38;5;131;48;5;94m‚ĖĄ\e[38;5;94;48;5;58m‚ĖĄ\e[38;5;237;48;5;236m‚ĖĄ\e[38;5;94;48;5;94m‚ĖĄ\e[38;5;173;48;5;94m‚ĖĄ‚ĖĄ\e[38;5;131;48;5;94m‚ĖĄ\e[38;5;131;48;5;237m‚ĖĄ\e[38;5;237;48;5;237m‚ĖĄ\e[38;5;234;48;5;234m‚ĖĄ\e[38;5;15;48;5;15m‚ĖĄ\e[48;5;15m   \e[38;5;15;48;5;15m‚ĖĄ‚ĖĄ\e[m
\e[38;5;15;48;5;15m‚ĖĄ\e[48;5;15m \e[38;5;15;48;5;15m‚ĖĄ\e[48;5;15m \e[38;5;15;48;5;15m‚ĖĄ\e[48;5;15m \e[38;5;137;48;5;15m‚ĖĄ\e[38;5;209;48;5;173m‚ĖĄ\e[38;5;215;48;5;173m‚ĖĄ\e[38;5;173;48;5;215m‚ĖĄ\e[38;5;173;48;5;209m‚ĖĄ\e[38;5;131;48;5;173m‚ĖĄ\e[38;5;95;48;5;131m‚ĖĄ\e[38;5;236;48;5;236m‚ĖĄ\e[38;5;15;48;5;15m‚ĖĄ\e[38;5;237;48;5;236m‚ĖĄ\e[38;5;131;48;5;173m‚ĖĄ\e[38;5;215;48;5;173m‚ĖĄ\e[38;5;173;48;5;173m‚ĖĄ\e[38;5;131;48;5;131m‚ĖĄ\e[38;5;237;48;5;131m‚ĖĄ\e[38;5;234;48;5;234m‚ĖĄ\e[38;5;15;48;5;15m‚ĖĄ‚ĖĄ‚ĖĄ\e[38;5;15;48;5;15m‚ĖĄ\e[38;5;15;48;5;15m‚ĖĄ\e[38;5;15;48;5;15m‚ĖĄ\e[m
\e[38;5;15;48;5;15m‚ĖĄ‚ĖĄ‚ĖĄ‚ĖĄ‚ĖĄ\e[38;5;137;48;5;15m‚ĖĄ\e[38;5;209;48;5;137m‚ĖĄ\e[38;5;217;48;5;173m‚ĖĄ\e[38;5;216;48;5;217m‚ĖĄ\e[38;5;215;48;5;173m‚ĖĄ\e[38;5;131;48;5;94m‚ĖĄ\e[38;5;237;48;5;94m‚ĖĄ\e[38;5;236;48;5;236m‚ĖĄ\e[38;5;15;48;5;236m‚ĖĄ\e[38;5;15;48;5;15m‚ĖĄ\e[38;5;94;48;5;236m‚ĖĄ\e[38;5;137;48;5;94m‚ĖĄ\e[38;5;173;48;5;215m‚ĖĄ\e[38;5;215;48;5;173m‚ĖĄ\e[38;5;131;48;5;131m‚ĖĄ\e[38;5;94;48;5;238m‚ĖĄ\e[38;5;234;48;5;236m‚ĖĄ\e[38;5;15;48;5;15m‚ĖĄ\e[38;5;15;48;5;15m‚ĖĄ\e[48;5;15m \e[38;5;15;48;5;15m‚ĖĄ\e[48;5;15m \e[38;5;15;48;5;15m‚ĖĄ\e[m
\e[38;5;15;48;5;15m‚ĖĄ\e[48;5;15m  \e[38;5;15;48;5;15m‚ĖĄ\e[48;5;15m \e[38;5;137;48;5;137m‚ĖĄ\e[38;5;173;48;5;209m‚ĖĄ\e[38;5;215;48;5;216m‚ĖĄ\e[38;5;209;48;5;95m‚ĖĄ\e[38;5;94;48;5;131m‚ĖĄ\e[38;5;236;48;5;216m‚ĖĄ\e[38;5;236;48;5;94m‚ĖĄ\e[38;5;15;48;5;236m‚ĖĄ\e[38;5;15;48;5;15m‚ĖĄ‚ĖĄ\e[38;5;15;48;5;236m‚ĖĄ\e[38;5;237;48;5;237m‚ĖĄ\e[38;5;137;48;5;216m‚ĖĄ\e[38;5;131;48;5;216m‚ĖĄ\e[38;5;95;48;5;215m‚ĖĄ\e[38;5;94;48;5;173m‚ĖĄ\e[38;5;237;48;5;237m‚ĖĄ\e[38;5;234;48;5;234m‚ĖĄ\e[38;5;15;48;5;15m‚ĖĄ‚ĖĄ‚ĖĄ\e[48;5;15m  \e[m
\e[38;5;15;48;5;15m‚ĖĄ‚ĖĄ‚ĖĄ‚ĖĄ\e[48;5;15m \e[38;5;94;48;5;173m‚ĖĄ\e[38;5;131;48;5;215m‚ĖĄ\e[38;5;95;48;5;173m‚ĖĄ\e[38;5;94;48;5;173m‚ĖĄ\e[38;5;237;48;5;131m‚ĖĄ\e[38;5;234;48;5;94m‚ĖĄ\e[38;5;236;48;5;236m‚ĖĄ\e[38;5;15;48;5;15m‚ĖĄ‚ĖĄ‚ĖĄ\e[38;5;236;48;5;236m‚ĖĄ\e[38;5;237;48;5;95m‚ĖĄ\e[38;5;95;48;5;173m‚ĖĄ\e[38;5;131;48;5;215m‚ĖĄ\e[38;5;94;48;5;173m‚ĖĄ\e[38;5;58;48;5;131m‚ĖĄ\e[38;5;235;48;5;237m‚ĖĄ\e[38;5;235;48;5;234m‚ĖĄ\e[38;5;15;48;5;15m‚ĖĄ‚ĖĄ‚ĖĄ‚ĖĄ‚ĖĄ\e[m
\e[38;5;15;48;5;15m‚ĖĄ‚ĖĄ‚ĖĄ\e[48;5;15m \e[38;5;15;48;5;15m‚ĖĄ\e[48;5;0m \e[38;5;19;48;5;0m‚ĖĄ\e[38;5;17;48;5;0m‚ĖĄ\e[38;5;234;48;5;0m‚ĖĄ‚ĖĄ\e[48;5;0m \e[38;5;15;48;5;15m‚ĖĄ\e[38;5;15;48;5;15m‚ĖĄ\e[38;5;15;48;5;15m‚ĖĄ‚ĖĄ‚ĖĄ\e[48;5;0m \e[38;5;234;48;5;0m‚ĖĄ‚ĖĄ‚ĖĄ‚ĖĄ\e[38;5;0;48;5;0m‚ĖĄ\e[38;5;15;48;5;15m‚ĖĄ‚ĖĄ‚ĖĄ‚ĖĄ‚ĖĄ‚ĖĄ\e[m
\e[38;5;15;48;5;15m‚ĖĄ‚ĖĄ‚ĖĄ‚ĖĄ\e[38;5;0;48;5;15m‚ĖĄ\e[38;5;19;48;5;0m‚ĖĄ\e[38;5;19;48;5;4m‚ĖĄ\e[38;5;4;48;5;17m‚ĖĄ\e[38;5;17;48;5;234m‚ĖĄ\e[38;5;0;48;5;234m‚ĖĄ\e[38;5;15;48;5;0m‚ĖĄ\e[48;5;15m \e[38;5;15;48;5;15m‚ĖĄ‚ĖĄ‚ĖĄ‚ĖĄ\e[48;5;0m \e[38;5;17;48;5;19m‚ĖĄ\e[38;5;19;48;5;17m‚ĖĄ\e[38;5;17;48;5;234m‚ĖĄ\e[38;5;234;48;5;234m‚ĖĄ\e[38;5;0;48;5;0m‚ĖĄ\e[38;5;15;48;5;15m‚ĖĄ‚ĖĄ‚ĖĄ‚ĖĄ‚ĖĄ‚ĖĄ\e[m
\e[38;5;15;48;5;15m‚ĖĄ‚ĖĄ‚ĖĄ‚ĖĄ\e[48;5;0m \e[38;5;19;48;5;4m‚ĖĄ\e[38;5;17;48;5;4m‚ĖĄ\e[38;5;234;48;5;234m‚ĖĄ\e[38;5;234;48;5;0m‚ĖĄ\e[38;5;15;48;5;0m‚ĖĄ\e[38;5;15;48;5;15m‚ĖĄ‚ĖĄ‚ĖĄ‚ĖĄ‚ĖĄ‚ĖĄ‚ĖĄ\e[48;5;0m \e[38;5;19;48;5;19m‚ĖĄ\e[38;5;4;48;5;17m‚ĖĄ\e[38;5;0;48;5;234m‚ĖĄ\e[38;5;15;48;5;0m‚ĖĄ\e[38;5;15;48;5;15m‚ĖĄ\e[48;5;15m  \e[38;5;15;48;5;15m‚ĖĄ‚ĖĄ‚ĖĄ\e[m
\e[38;5;15;48;5;15m‚ĖĄ‚ĖĄ\e[38;5;0;48;5;15m‚ĖĄ\e[38;5;17;48;5;0m‚ĖĄ\e[38;5;4;48;5;19m‚ĖĄ\e[38;5;18;48;5;20m‚ĖĄ\e[38;5;17;48;5;19m‚ĖĄ\e[38;5;17;48;5;17m‚ĖĄ\e[38;5;234;48;5;17m‚ĖĄ\e[48;5;0m \e[38;5;15;48;5;15m‚ĖĄ‚ĖĄ‚ĖĄ\e[48;5;15m \e[38;5;15;48;5;15m‚ĖĄ\e[48;5;15m \e[48;5;0m \e[38;5;17;48;5;17m‚ĖĄ\e[38;5;17;48;5;19m‚ĖĄ\e[38;5;19;48;5;20m‚ĖĄ\e[38;5;17;48;5;4m‚ĖĄ\e[38;5;17;48;5;0m‚ĖĄ\e[38;5;0;48;5;15m‚ĖĄ\e[38;5;15;48;5;15m‚ĖĄ‚ĖĄ‚ĖĄ‚ĖĄ‚ĖĄ\e[m
\e[48;5;15;38;5;15m‚ĖÄ‚ĖÄ\e[48;5;15;38;5;0m‚ĖÄ\e[48;5;15;38;5;234m‚ĖÄ‚ĖÄ‚ĖÄ‚ĖÄ‚ĖÄ‚ĖÄ\e[48;5;15;38;5;15m‚ĖÄ‚ĖÄ‚ĖÄ‚ĖÄ‚ĖÄ‚ĖÄ‚ĖÄ‚ĖÄ\e[48;5;15;38;5;234m‚ĖÄ‚ĖÄ‚ĖÄ‚ĖÄ‚ĖÄ\e[48;5;15;38;5;0m‚ĖÄ\e[48;5;15;38;5;15m‚ĖÄ‚ĖÄ‚ĖÄ‚ĖÄ‚ĖÄ\e[m
     
            _   ___   _ 
    ___ _ _| |_|_  |_| |
   |  _| | | . |_  | . |
   |___|___|___|___|___|
                     
     by cub3Dreamteam
    jatanaso & marapovi
       is now ready
